dim 300 300 300
putellipsoid 50 45 50 11 27 12 221 184 146 1
putellipsoid 50 40 50 9 27 12 221 184 146 1
putellipsoid 50 30 50 7 23 10 221 184 146 1
putsphere 45 60 50 12 210 140 120 1
putbox 40 41 45 50 45 46 210 140 120 1
putbox 40 41 40 50 50 51 210 140 120 1
putvoxel 40 1 50 210 140 120 1
putvoxel 44 1 54 210 140 120 1
putvoxel 36 1 44 210 140 120 1
putvoxel 38 1 58 210 140 120 1
putvoxel 42 1 54 210 140 120 1
putsphere 50 60 45 12 210 2 120 1
putbox 45 46 33 50 40 41 210 2 120 1
putsphere 55 60 50 12 50 33 22 1
putbox 60 61 34 49 49 50 50 33 22 1
putbox 60 61 46 49 54 55 50 33 22 1
putsphere 50 60 55 12 80 180 120 1
putbox 45 46 38 50 60 61 80 180 120 1
putbox 49 50 34 50 60 62 80 180 120 1
putbox 52 53 30 50 60 61 80 180 120 1
putbox 0 100 0 1 0 100 255 255 255 0
